100
5001361
5
6697461
5094841
8291470
8603593
9010879
3
6865010
1507483
9
10
86293
2872729
4125389
9309119
4461643
9999162
2610613
3949061
983469
11
9999995
1281246
1
8460583
3132736
592432
9999998
9516811
7742461
2360890
3023326
4936439
6735763
8873129
7783893
9682616
6716541
9999930
2044523
1862603
9999997
12
6513281
3702389
8763892
3929879
8248729
1481717
9999996
928009
9999163
2
7203246
390548
10000000
1750607
559513
140839
9971849
6537523
9999991
3855409
9999999
1144
9999931
7
9999161
9987391
5331653
615403
4461642
13
8184167
6704676
2295773
9999929
1221469
6463741
3410821
4170220
3323191
2896297
6
3191803
8237213
1264969
9999973
9325574
4461641
7551991
3877633
4751053
8
5388168
9999971
4
1403870
9999972
